trade_company_mongolia = {
	color = { 23 36 36 }
	provinces = {
		#1054 1056 4196 4197 1060 1063 2156 4195 2157 2158 2155 2154 2445 2152 1074 4200 2153 1066 1069 4199 480
		#3271 1059 1062 1067 1065 1064 1055 1051

		715 718 719 720 721 722 1057 1061 2253 2267 2270 2271 3257 3259 3260 3261 3262 3264 3265 3266 3267 3268 
		3269 3270 3271 3272 3273 4039 4198 1051 1054 1055 1056 1059 1060 1062 1063 1064 1065 2154 2155 2156 2157 
		2158 4195 4196 4197 2268 3275 2152 1074 2445 4200 2153 1066 4199 1067 1069 480
	}
	names = {
		name = "TRADE_COMPANY_MONGOLIA_Root_GetName"
	}
	names = {
		name = "TRADE_COMPANY_MONGOLIA_Mongolia_Trade_Company"
	}
}

trade_company_western_siberia = {
	color = { 255 11 155 }
	provinces = {
		#1071 4201 1078 1529 1072 4209 4208 4206 281 1080 1077 1079 4204 4203
		#1082 1306 2442 1070 2446 4202 1075 4205

		2442 3310 3846 471 472 475 479 1070 1071 1073 1075 1076 1077 1078 1079 1081 1529 2446 3277 3304 3308 3309 3312 
		281 1072 1080 1082 1306 4201 4202 4203 4204 4205 4206 4208 4209 460 461 3303 3302 3300 3306 477 3848 3305 2118 
		3210 3211 739 2740 2745 2741 2746 3297 2232 3847 476 3301 3311 3293 454 458 3292 2221 3298 3296 2223 459 478 
		2742 3276 3213 2743 2119 3291 2273 717
	}
	names = {
		name = "TRADE_COMPANY_WESTERN_SIBERIA_Root_GetName"
	}
	names = {
		name = "TRADE_COMPANY_WESTERN_SIBERIA_Western_Siberia_Trade_Company"
	}
}
